-83
-77
-20
67
9
52
-16
-93
-65
25
50
87
25
37
-92
71
-18
-79
-31
20
84
-74
77
76
-23
100
-6
78
-73
28
-98
33
44
23
33
58
-21
84
-50
75
17
-78
42
47
-51
45
44
3
-63
-38
7
-56
92
-47
-68
70
-95
52
21
80
98
39
5
-100
93
97
-90
-15
-17
24
53
10
3
-90
18
31
56
100
31
-40
-52
-19
-14
-86
-70
-93
-16
-91
36
69
70
-50
-91
62
-31
-17
-59
78
-11
-60
30
98
-57
30
-60
87
72
0
19
-63
-87
-60
-34
43
-11
8
85
-32
6
9
16
-43
44
-34
-90
-73
-22
10
40
-100
5
-83
14
89
-56
46
-33
1
59
-53
-30
100
-30
-77
34
-24
97
-12
74
89
62
-51
58
-79
67
-57
-52
-53
6
67
-52
5
-39
-69
21
-63
23
43
-33
17
55
-33
-42
-88
13
93
-98
-31
-25
-10
14
-5
-99
91
-39
-69
-39
-96
42
-77
-63
-95
39
-95
11
-27
23
-95
50